5.186928742188168684e+00 5.186930677260574996e+00 5.186926807115762372e+00 5.186926807115760596e+00 5.186934962063634913e+00 5.186938279330671087e+00 5.186950166203985191e+00 5.186972972414631400e+00 5.186936206038768482e+00 5.186948784009357105e+00 5.186932474113488567e+00 5.186967443636238961e+00 5.186967858294602607e+00 5.186942564133810052e+00 5.186954174568255027e+00 5.186934409185896655e+00 5.186945190303531739e+00 5.186937450013942907e+00 5.186932197674579470e+00 5.186949060448347026e+00
5.186935514941575676e+00 5.186916578876025419e+00 5.186939661525178380e+00 5.186924872043354284e+00 5.186931368357809546e+00 5.186940076183542914e+00 5.186967858294641687e+00 5.186984997507600781e+00 5.186944913864541817e+00 5.186952930593121458e+00 5.186932335894074875e+00 5.186955971421207678e+00 5.186961776638390198e+00 5.186945881400846226e+00 5.186956524298986793e+00 5.186926392457436918e+00 5.186946157839715354e+00 5.186937173575032922e+00 5.186931921235629517e+00 5.186959150468789304e+00
5.186940214403038318e+00 5.186912570511875487e+00 5.186951824837443326e+00 5.186930677260535916e+00 5.186933994527452185e+00 5.186946987156405342e+00 5.186967443636197217e+00 5.186960256224386612e+00 5.186931644796679564e+00 5.186949613326086173e+00 5.186929018627077781e+00 5.186959288688163028e+00 5.186946157839716243e+00 5.186949198667802463e+00 5.186979054070762984e+00 5.186936344258304743e+00 5.186934270966361282e+00 5.186943946328398169e+00 5.186944499206217252e+00 5.186964264588697304e+00
5.186927083554711437e+00 5.186903862686262912e+00 5.186950995520754226e+00 5.186929295065987766e+00 5.186933165210762198e+00 5.186957491835211265e+00 5.186968964050280739e+00 5.186962053077380119e+00 5.186942425914315535e+00 5.186951271959623355e+00 5.186922936970987053e+00 5.186945466742360900e+00 5.186948922228852510e+00 5.186936482477717547e+00 5.186966890758379023e+00 5.186932888771812244e+00 5.186933165210722230e+00 5.186937726452891972e+00 5.186924180946119733e+00 5.186953621690395977e+00
5.186931091918940417e+00 5.186890731838217583e+00 5.186947125375899859e+00 5.186935238502544898e+00 5.186953068812616863e+00 5.186947401814768099e+00 5.186957215396260423e+00 5.186977533656720318e+00 5.186933856307996749e+00 5.186932750552479376e+00 5.186943531669953700e+00 5.186946572498039032e+00 5.186935376722040303e+00 5.186938141111175682e+00 5.186970622683738874e+00 5.186953898129305074e+00 5.186944360986762703e+00 5.186951686618108681e+00 5.186928051090895053e+00 5.186968825830826191e+00
5.186936206038808450e+00 5.186908562147767299e+00 5.186938141111216538e+00 5.186946434278624452e+00 5.186937035355537517e+00 5.186952101276312455e+00 5.186956662518442229e+00 5.186973801731399547e+00 5.186941320158716451e+00 5.186936897136083857e+00 5.186950857301178885e+00 5.186946848936988985e+00 5.186954036348760511e+00 5.186937450013902051e+00 5.186974216389684145e+00 5.186938555769621040e+00 5.186951271959584275e+00 5.186943531669993668e+00 5.186924595604485155e+00 5.186959703346568418e+00
5.186931783016255793e+00 5.186908009269828312e+00 5.186940352622533723e+00 5.186936620697172984e+00 5.186939799744673785e+00 5.186952930593122346e+00 5.186947678253718053e+00 5.186972143097862364e+00 5.186942149475446406e+00 5.186927912871400537e+00 5.186959979785436659e+00 5.186955833201752242e+00 5.186938555769541104e+00 5.186945328522906351e+00 5.186983891751921760e+00 5.186929847943767768e+00 5.186931230138355886e+00 5.186946572498119856e+00 5.186933303430177666e+00 5.186953345251566816e+00
5.186930539041121335e+00 5.186910911878458208e+00 5.186940490841988272e+00 5.186927359993620534e+00 5.186935929599939321e+00 5.186972972414589655e+00 5.186967305416782636e+00 5.186968272952966252e+00 5.186937864672306553e+00 5.186941320158676483e+00 5.186938279330671087e+00 5.186954451007204980e+00 5.186956109640622259e+00 5.186948922228852510e+00 5.186969102269736176e+00 5.186931783016254016e+00 5.186936067819354790e+00 5.186945881400805369e+00 5.186925010262848801e+00 5.186938279330671087e+00
5.186927498213036003e+00 5.186916855314935404e+00 5.186938417550125635e+00 5.186938417550085667e+00 5.186939385086269283e+00 5.186960670882751145e+00 5.186949198667681671e+00 5.186966337880519085e+00 5.186941181939262790e+00 5.186919343265161686e+00 5.186942840572760005e+00 5.186967720075147170e+00 5.186940214403038318e+00 5.186957077176846731e+00 5.186964264588656448e+00 5.186921278337569774e+00 5.186927912871479585e+00 5.186942564133810052e+00 5.186920172581930721e+00 5.186944913864622642e+00
5.186934409185814943e+00 5.186904415564082882e+00 5.186935791380443916e+00 5.186942011256030938e+00 5.186926668896306936e+00 5.186959426907578496e+00 5.186952515934676988e+00 5.186956662518442229e+00 5.186937311794447503e+00 5.186907594611502859e+00 5.186945190303491771e+00 5.186948784009397073e+00 5.186964402808191821e+00 5.186951963056897874e+00 5.186977533656720318e+00 5.186927636432489663e+00 5.186931644796759500e+00 5.186938970427904749e+00 5.186935376722080271e+00 5.186958735810344834e+00
5.186929433285443203e+00 5.186915473120467190e+00 5.186933026991307649e+00 5.186919619704071671e+00 5.186936620697213840e+00 5.186969102269695320e+00 5.186944913864541817e+00 5.186960947321661131e+00 5.186944222767309043e+00 5.186921692995933419e+00 5.186937173575032922e+00 5.186961223760651940e+00 5.186965093905425483e+00 5.186961085541075711e+00 5.186976289681626717e+00 5.186933026991307649e+00 5.186920172582011546e+00 5.186938417550125635e+00 5.186951133740169695e+00 5.186943808108943621e+00
5.186926807115883165e+00 5.186909667903325527e+00 5.186925563140667883e+00 5.186930400821585962e+00 5.186939799744673785e+00 5.186945190303491771e+00 5.186947816473173489e+00 5.186957768274160330e+00 5.186941320158757307e+00 5.186918928606798040e+00 5.186955694982218645e+00 5.186938002891761990e+00 5.186960809102205694e+00 5.186953345251445135e+00 5.186955694982297693e+00 5.186925701360082464e+00 5.186930953699525837e+00 5.186935929599899353e+00 5.186943255231044603e+00 5.186960670882792002e+00
5.186927221774125130e+00 5.186904968442021868e+00 5.186945052084036334e+00 5.186925839579658692e+00 5.186938002891681165e+00 5.186943117011589166e+00 5.186944637425592752e+00 5.186956662518442229e+00 5.186941320158676483e+00 5.186936206038849306e+00 5.186931921235670373e+00 5.186948507570447120e+00 5.186965646783245454e+00 5.186958044713030347e+00 5.186967443636238073e+00 5.186931644796759500e+00 5.186930124382756802e+00 5.186949198667801575e+00 5.186926254238022338e+00 5.186951686618028745e+00
5.186935514941493963e+00 5.186923489848886071e+00 5.186935376722039415e+00 5.186941043719807354e+00 5.186934547405311235e+00 5.186952239495846939e+00 5.186942011255951002e+00 5.186961914857885603e+00 5.186939385086350107e+00 5.186921278337569774e+00 5.186945328522906351e+00 5.186940490841948304e+00 5.186944637425672688e+00 5.186947954692628926e+00 5.186967443636197217e+00 5.186938693989036508e+00 5.186941734817080984e+00 5.186942287694900955e+00 5.186941181939181078e+00 5.186966199661105392e+00
5.186943393450539119e+00 5.186921278337568886e+00 5.186937726452812036e+00 5.186938417550085667e+00 5.186922660532117035e+00 5.186950166203945223e+00 5.186946296059170791e+00 5.186967581855652654e+00 5.186946848936988985e+00 5.186931368357770467e+00 5.186948784009397073e+00 5.186947678253718053e+00 5.186974631048128614e+00 5.186956386079531356e+00 5.186970899122687939e+00 5.186926254237983258e+00 5.186927359993580566e+00 5.186938970427904749e+00 5.186941596597626436e+00 5.186946157839755323e+00
5.186936067819354790e+00 5.186910497220173610e+00 5.186931091918940417e+00 5.186940214403039207e+00 5.186923213409857070e+00 5.186958597590849429e+00 5.186945881400846226e+00 5.186962329516209280e+00 5.186932474113528535e+00 5.186939523305764688e+00 5.186951410179078792e+00 5.186940767280897369e+00 5.186974078170229596e+00 5.186976842559485767e+00 5.186979468729127518e+00 5.186929018627078669e+00 5.186932197674579470e+00 5.186924872043434220e+00 5.186935376722040303e+00 5.186955280323853223e+00
5.186937450013902051e+00 5.186914367364829026e+00 5.186938970427985574e+00 5.186950166203985191e+00 5.186939523305723831e+00 5.186961500199480213e+00 5.186952239495847827e+00 5.186952930593081490e+00 5.186957353615754940e+00 5.186932197674579470e+00 5.186949475106752416e+00 5.186945604961855416e+00 5.186962605955159233e+00 5.186955971421167710e+00 5.186979883387571988e+00 5.186920587240214431e+00 5.186938002891721133e+00 5.186940214403118254e+00 5.186930953699484981e+00 5.186966337880559053e+00
5.186937173574952098e+00 5.186912432292421826e+00 5.186916302437195370e+00 5.186934132746986670e+00 5.186924180946119733e+00 5.186964679247060950e+00 5.186933165210762198e+00 5.186955971421127742e+00 5.186937864672307441e+00 5.186918928606838008e+00 5.186941873036495565e+00 5.186958044713030347e+00 5.186967858294641687e+00 5.186960809102246550e+00 5.186975322145363165e+00 5.186900407199933838e+00 5.186946848936949905e+00 5.186922107654337921e+00 5.186950304423439739e+00 5.186944084547773670e+00
5.186940352622492867e+00 5.186921416556983466e+00 5.186938832208491057e+00 5.186933303430256714e+00 5.186936482477718435e+00 5.186972695975721415e+00 5.186942149475405550e+00 5.186986794360594288e+00 5.186940905500312837e+00 5.186928880407623232e+00 5.186945052083996366e+00 5.186970069805959760e+00 5.186963297052473720e+00 5.186962744174653750e+00 5.186973110634085948e+00 5.186906350636450114e+00 5.186940629061442820e+00 5.186938417550125635e+00 5.186945328522946319e+00 5.186941873036456485e+00
5.186933718088622136e+00 5.186912846950745504e+00 5.186934685624724928e+00 5.186951133740128839e+00 5.186930953699485869e+00 5.186953621690435945e+00 5.186953207032071411e+00 5.186973939950815016e+00 5.186933718088541312e+00 5.186928603968754103e+00 5.186938970427945605e+00 5.186951410179118760e+00 5.186975183925947697e+00 5.186952377715342344e+00 5.186967028977873539e+00 5.186921416556983466e+00 5.186929571504898639e+00 5.186941043719767386e+00 5.186959979785436659e+00 5.186935376722120239e+00
