5.805217242560445357e-05 5.611710001929282043e-05 5.998724483191608670e-05 5.998724483369244354e-05 5.183229695937541237e-05 4.851502992320178009e-05 3.662815660909757298e-05 1.382194596288854882e-05 5.058832182580630388e-05 3.801035123718321529e-05 5.432024710572136428e-05 1.935072435532703139e-05 1.893606599168151661e-05 4.423022678423649268e-05 3.261979233926126653e-05 5.238517469763337431e-05 4.160405706254977076e-05 4.934434665138098808e-05 5.459668601481837413e-05 3.773391224726196924e-05
5.127941901861277074e-05 7.021548456886961276e-05 4.713283541590840287e-05 6.192231724000407667e-05 5.542600278474196784e-05 4.671817705137470966e-05 1.893606595260166614e-05 1.796852993507513929e-06 4.188049605247101681e-05 3.386376747283037503e-05 5.445846651941366190e-05 3.082293938660995991e-05 2.501772220409037573e-05 4.091295974806286040e-05 3.027006160749579067e-05 6.040190315736992943e-05 4.063652087893387943e-05 4.962078556136617635e-05 5.487312496477159129e-05 2.764389180498483256e-05
4.657995755596999743e-05 7.422384871880183255e-05 3.496952315096280017e-05 5.611710005837267090e-05 5.279983314210312528e-05 3.980720418894634349e-05 1.935072439707141712e-05 2.653813620767664361e-05 5.514956391472480846e-05 3.718103450811582888e-05 5.777573351650744371e-05 2.750567243126056383e-05 4.063652087804570101e-05 3.759569279182528589e-05 7.740289831303925894e-06 5.045010228954538434e-05 5.252339423300611543e-05 4.284803219611887926e-05 4.229515437703668113e-05 2.252977189698412985e-05
5.971080588285104795e-05 8.293167433137682565e-05 3.579883984006215769e-05 5.749929460652225544e-05 5.362914983209066122e-05 2.930252538302369203e-05 1.783031031354909146e-05 2.474128321416912968e-05 4.436844627875302649e-05 3.552240097093317672e-05 6.385738960723585933e-05 4.132761823338881868e-05 3.787213174177850306e-05 5.031188287674126514e-05 1.990360221526543683e-05 5.390558878204387838e-05 5.362914987205869011e-05 4.906790770231594934e-05 6.261341447455492926e-05 3.317267019831149355e-05
5.570244165387094881e-05 9.606252237670531713e-05 3.966898469442980968e-05 5.155585804939022410e-05 3.372554797742566279e-05 3.939254582618900713e-05 2.957896433386508761e-05 9.260703873970044242e-06 5.293805259753980863e-05 5.404380811491193981e-05 4.326269064058863023e-05 4.022186255525639353e-05 5.141763855398551186e-05 4.865324941860649233e-05 1.617167685541431865e-05 3.289623128921448370e-05 4.243337383158518605e-05 3.510774248560721844e-05 5.874326969923515662e-05 1.796852976809759639e-05
5.058832178583827499e-05 7.823221282698966661e-05 4.865324937775028502e-05 4.036008196983686958e-05 4.975900505677088859e-05 3.469308428183381920e-05 3.013184215205910732e-05 1.299262919474131195e-05 4.547420187783757228e-05 4.989722451043121509e-05 3.593705941540292770e-05 3.994542360530317637e-05 3.275801183377780035e-05 4.934434669223719538e-05 1.257797091014367652e-05 4.823859097324856293e-05 3.552240101001302719e-05 4.326269060062060134e-05 6.219875610913305763e-05 2.709101402587066332e-05
5.501134433849586003e-05 7.878509076597595140e-05 4.644173806056528520e-05 5.017366342130458179e-05 4.699461592050369063e-05 3.386376747194219661e-05 3.911610687623578997e-05 1.465126273192396411e-05 4.464488514788200746e-05 5.888148919375169044e-05 2.681457515762986077e-05 3.096115884204664326e-05 4.823859105318462070e-05 4.146583768793732361e-05 2.902608672528117495e-06 5.694641682651990777e-05 5.556422223840229435e-05 4.022186247443215734e-05 5.349093041662200676e-05 3.344910902747244563e-05
5.625531947295314694e-05 7.588248213608039805e-05 4.630351860601678027e-05 5.943436697375403810e-05 5.086476065496725596e-05 1.382194600463293455e-05 1.948894381165189316e-05 1.852140762803600182e-05 4.892968828773547330e-05 4.547420191780560117e-05 4.851502992320178009e-05 3.234335338930804937e-05 3.068471997202948387e-05 3.787213174177850306e-05 1.769209085811240811e-05 5.501134434027221687e-05 5.072654123949860150e-05 4.091295978891906771e-05 6.178409774548754285e-05 4.851502992320178009e-05
5.929614755828538364e-05 6.993904565888442448e-05 4.837681046865327517e-05 4.837681050862130405e-05 4.740927432500541272e-05 2.612347784314295041e-05 3.759569291261755097e-05 2.045648007520384226e-05 4.561242133149789879e-05 6.745109543260241480e-05 4.395378783428327552e-05 1.907428544711819995e-05 4.657995755596999743e-05 2.971718374755738523e-05 2.252977193784033716e-05 6.551602302451442483e-05 5.888148911470381108e-05 4.423022678423649268e-05 6.662177866356699951e-05 4.188049597164678062e-05
5.238517477934578892e-05 8.237879651140644910e-05 5.100298015037196819e-05 4.478310456335066192e-05 6.012546428735277004e-05 2.736745301579190937e-05 3.427842591730012600e-05 3.013184215205910732e-05 4.948256614678570031e-05 7.919974909142979413e-05 4.160405710251779965e-05 3.801035119721518640e-05 2.239155240246759604e-05 3.483130369641429525e-05 9.260703873970044242e-06 5.915792810462505713e-05 5.514956383478875068e-05 4.782393268953910592e-05 5.141763851401748298e-05 2.805855024945458354e-05
5.736107515108557209e-05 7.132124012709795124e-05 5.376736928663916615e-05 6.717465652261722653e-05 5.017366338044837448e-05 1.769209089896861542e-05 4.188049605247101681e-05 2.584703893315776213e-05 4.257159328524551256e-05 6.510136466086891005e-05 4.962078556136617635e-05 2.557059994234833766e-05 2.170045516880492187e-05 2.570881951857728609e-05 1.050467896757112385e-05 5.376736928663916615e-05 6.662177858274276332e-05 4.837681046865327517e-05 3.566062042459350323e-05 4.298625165066738418e-05
5.998724471112382162e-05 7.712645726876132812e-05 6.123121992640534472e-05 5.639353900832588806e-05 4.699461592050369063e-05 4.160405710251779965e-05 3.897788742079910662e-05 2.902608643395865329e-05 4.547420183698136498e-05 6.786575379624792959e-05 3.109937837564302754e-05 4.879146883229878995e-05 2.598525838859444548e-05 3.344910914915288913e-05 3.109937829659514819e-05 6.109300051182486868e-05 5.584066106845142485e-05 5.086476069493528485e-05 4.353912954968564009e-05 2.612347780228674310e-05
5.957258646915875033e-05 8.182591857242016431e-05 4.174227655795448300e-05 6.095478093559592025e-05 4.879146891312302614e-05 4.367734900512232343e-05 4.215693500153605555e-05 3.013184215205910732e-05 4.547420191780560117e-05 5.058832174498206768e-05 5.487312492391538399e-05 3.828679014716840356e-05 2.114757734883454532e-05 2.874964756394149390e-05 1.935072435621520981e-05 5.514956383478875068e-05 5.666997783748684014e-05 3.759569279271346431e-05 6.054012257195040547e-05 3.510774256554327621e-05
5.127941910032518535e-05 6.330451170821760343e-05 5.141763855487369028e-05 4.575064078693458214e-05 5.224695528305289827e-05 3.455486474734925650e-05 4.478310464328671969e-05 2.487950270868566349e-05 4.740927424418117653e-05 6.551602302451442483e-05 4.146583768793732361e-05 4.630351864598480915e-05 4.215693492159999778e-05 3.883966796536242327e-05 1.935072439707141712e-05 4.810037155777990847e-05 4.505954351330387908e-05 4.450666569333350253e-05 4.561242141321031340e-05 2.059469948889613988e-05
4.340091005516910627e-05 6.551602302540260325e-05 4.906790778225200711e-05 4.837681050862130405e-05 6.413382847725301872e-05 3.662815664906560187e-05 4.049830142349719608e-05 1.921250494163473377e-05 3.994542360530317637e-05 5.542600282382181831e-05 3.801035119721518640e-05 3.911610687623578997e-05 1.216331246567392554e-05 3.040828106293247401e-05 1.589523790634927991e-05 6.054012261103025594e-05 5.943436701372206699e-05 4.782393268953910592e-05 4.519776296785238401e-05 4.063652083896585054e-05
5.072654123949860150e-05 7.629714042067803348e-05 5.570244165387094881e-05 4.657995755508181901e-05 6.358095073721869994e-05 2.819676974485929577e-05 4.091295974806286040e-05 2.446484438500817760e-05 5.432024706575333539e-05 4.727105482960070049e-05 3.538418151549649338e-05 4.602707969691977041e-05 1.271619036469218145e-05 9.951801108520896832e-06 7.325631466770232691e-06 5.777573351561926529e-05 5.459668601481837413e-05 6.192231716006801889e-05 5.141763855398551186e-05 3.151403674106489916e-05
4.934434669223719538e-05 7.242699576526234750e-05 4.782393260871486973e-05 3.662815660909757298e-05 4.727105487045690779e-05 2.529416111407556400e-05 3.455486474646107808e-05 3.386376751279840391e-05 2.944074483934855380e-05 5.459668601481837413e-05 3.731925384187206873e-05 4.118939873887228487e-05 2.418840543505496044e-05 3.082293942657798880e-05 6.910973022300481716e-06 6.620712037985754250e-05 4.879146887315499725e-05 4.657995747603393966e-05 5.584066110930763216e-05 2.045648003523581338e-05
4.962078564219041255e-05 7.436206817246215905e-05 7.049192339891874326e-05 5.266161360761856258e-05 6.261341447455492926e-05 2.211511353333861507e-05 5.362914983209066122e-05 3.082293946654601768e-05 4.892968828684729488e-05 6.786575375627990070e-05 4.492132409872340304e-05 2.874964756394149390e-05 1.893606595260166614e-05 2.598525834773823817e-05 1.147221523112307295e-05 8.638716066045049047e-05 3.994542364438302684e-05 6.468670625636718796e-05 3.648993715454906805e-05 4.270981282061825368e-05
4.644173810142149250e-05 6.537780361082212721e-05 4.796215210323140354e-05 5.349093033757412741e-05 5.031188287585308672e-05 1.409838487287373709e-05 4.464488518873821477e-05 0.000000000000000000e+00 4.588886028145111595e-05 5.791395297105594864e-05 4.174227659792251188e-05 1.672455463452848790e-05 2.349730812056805007e-05 2.405018594053842662e-05 1.368372650834004389e-05 8.044372414417466643e-05 4.616529915146827534e-05 4.837681046865327517e-05 4.146583764796929472e-05 4.492132413780325351e-05
5.307627197215225578e-05 7.394740984878467316e-05 5.210873586936060065e-05 3.566062046544971054e-05 5.584066110841945374e-05 3.317267015834346466e-05 3.358732852287715787e-05 1.285440977927265749e-05 5.307627205297649198e-05 5.819039184018492961e-05 4.782393264868289862e-05 3.538418147552846449e-05 1.161043464659172741e-05 3.441664525194454427e-05 1.976538272074890301e-05 6.537780361082212721e-05 5.722285569564888874e-05 4.575064082690261102e-05 2.681457515762986077e-05 5.141763847404945409e-05
